#include <ncurses.h>
#include <iostream>
using namespace std;

int main(){
  int map_arr[21][21] = {
    {2,1,1,1,1,1,1,1,1,1,1,1,1,1,1,1,1,1,1,1,2},
    {1,0,0,0,0,0,0,0,0,0,0,0,0,0,0,0,0,0,0,0,1},
    {1,0,0,0,0,0,0,0,0,0,0,0,0,0,0,0,0,0,0,0,1},
    {1,0,0,0,0,0,0,0,0,0,0,0,0,0,0,0,0,0,0,0,1},
    {1,0,0,0,0,0,0,0,0,0,0,0,0,0,0,0,0,0,0,0,1},
    {1,0,0,0,0,0,0,0,0,0,0,0,0,0,0,0,0,0,0,0,1},
    {1,0,0,0,0,0,0,0,0,0,0,0,0,0,0,0,0,0,0,0,1},
    {1,0,0,0,0,0,0,0,0,0,0,0,0,0,0,0,0,0,0,0,1},
    {1,0,0,0,0,0,0,0,0,0,0,0,0,0,0,0,0,0,0,0,1},
    {1,0,0,0,0,0,0,0,0,0,0,0,0,0,0,0,0,0,0,0,1},
    {1,0,0,0,0,0,0,0,0,0,0,0,0,0,0,0,0,0,0,0,1},
    {1,0,0,0,0,0,0,0,0,0,0,0,0,0,0,0,0,0,0,0,1},
    {1,0,0,0,0,0,0,0,0,0,0,0,0,0,0,0,0,0,0,0,1},
    {1,0,0,0,0,0,0,0,0,0,0,0,0,0,0,0,0,0,0,0,1},
    {1,0,0,0,0,0,0,0,0,0,0,0,0,0,0,0,0,0,0,0,1},
    {1,0,0,0,0,0,0,0,0,0,0,0,0,0,0,0,0,0,0,0,1},
    {1,0,0,0,0,0,0,0,0,0,0,0,0,0,0,0,0,0,0,0,1},
    {1,0,0,0,0,0,0,0,0,0,0,0,0,0,0,0,0,0,0,0,1},
    {1,0,0,0,0,0,0,0,0,0,0,0,0,0,0,0,0,0,0,0,1},
    {1,0,0,0,0,0,0,0,0,0,0,0,0,0,0,0,0,0,0,0,1},
    {2,1,1,1,1,1,1,1,1,1,1,1,1,1,1,1,1,1,1,1,2},
  };
  int cnt = 0;
  setlocale(LC_ALL, "");
  initscr();
  for(int i = 0;i<21;i++){
    for(int j = 0;j<21;j++){
      if(map_arr[i][j] == 2){
        mvprintw(i,j,"\u2B1B");
      }
      else if(map_arr[i][j] == 1){
        mvprintw(i,j,"\u2B1C");
      }
      else{
        mvprintw(i,j,"\u2B55");
      }
    }
  }
  refresh();
  getch();
  endwin();
  return 0;
}
